293
186 8 3 604 9
560 9 10 943 1
51 9 4 117 4
642 10 5 546 8
472 7 1 179 2
772 10 1 314 7
972 8 5 25 6
949 1 2 975 0
600 7 10 976 0
675 6 4 408 4
211 10 1 862 4
957 10 3 845 3
650 5 9 623 10
164 3 1 788 7
497 3 8 262 4
799 8 0 197 5
784 6 6 777 0
882 7 0 416 0
259 8 2 348 0
470 4 2 19 6
373 7 8 371 10
396 7 9 218 7
93 4 0 492 4
863 4 9 127 7
268 6 7 827 5
947 3 4 788 0
547 5 4 194 6
265 10 2 688 5
535 1 8 975 1
903 10 7 986 1
459 10 1 749 4
211 6 4 11 3
422 6 9 91 4
631 3 9 372 2
439 10 9 684 4
353 10 3 922 8
303 1 1 923 5
570 2 3 528 8
29 10 3 409 3
705 2 4 451 5
456 2 10 95 6
716 10 4 549 5
673 6 5 679 7
693 4 7 739 9
334 10 6 64 7
176 7 1 808 8
572 4 2 178 2
822 3 4 285 1
542 7 0 714 5
377 4 9 942 2
689 1 4 999 9
420 6 10 460 3
990 6 4 538 10
13 2 6 896 7
148 10 5 790 4
584 9 1 425 4
280 2 7 927 0
543 5 0 427 6
953 9 9 84 0
256 7 10 936 2
669 4 4 212 7
676 3 2 989 0
55 7 2 559 5
768 8 7 815 6
942 1 7 128 10
767 10 10 871 3
469 4 8 938 2
343 8 4 515 10
526 4 4 896 5
319 2 10 16 2
251 8 7 896 0
321 8 8 270 10
168 7 8 749 4
862 3 4 491 5
214 10 10 321 9
216 1 5 319 0
709 10 4 916 3
860 3 10 968 2
164 6 4 789 9
77 1 7 526 4
501 2 0 345 1
258 6 3 924 3
995 1 6 693 8
519 3 4 922 8
176 4 2 300 6
749 4 3 566 9
582 9 10 710 9
309 2 6 467 8
762 9 6 376 0
132 7 5 842 0
234 2 8 180 5
549 8 10 290 9
92 7 3 802 1
886 9 1 721 1
363 10 1 588 2
459 1 7 175 8
833 5 7 539 5
360 2 4 376 10
76 2 5 546 7
142 10 2 570 4
379 1 7 467 7
694 8 6 459 1
900 4 6 460 10
825 5 3 916 4
290 10 8 488 9
675 4 2 69 0
520 9 9 22 6
154 10 0 662 2
996 2 9 557 3
396 9 10 254 0
26 4 10 234 10
871 9 3 32 7
512 10 8 531 6
780 2 10 258 0
83 5 0 220 9
308 8 7 182 6
442 1 2 629 1
685 9 4 837 9
28 9 0 333 10
837 7 4 81 1
464 1 8 271 8
707 1 4 373 7
885 9 2 849 4
323 7 8 691 6
232 2 5 813 6
593 7 4 9 0
820 6 1 126 0
324 7 6 738 5
286 10 10 698 5
462 9 1 62 0
22 5 2 550 4
299 7 2 917 5
373 8 3 987 9
895 1 1 546 2
118 3 1 409 9
983 9 1 584 4
864 8 8 748 6
975 1 5 936 1
406 1 8 968 5
203 5 1 429 0
128 2 5 55 9
866 4 0 96 1
126 4 0 962 7
821 1 8 255 9
948 1 10 977 4
826 3 5 862 7
854 4 6 111 10
346 10 0 513 9
747 10 2 529 7
900 10 0 780 9
739 3 3 417 4
101 4 5 996 10
225 5 1 185 4
8 2 6 300 0
100 1 6 898 1
345 4 2 584 4
936 3 3 277 3
66 8 5 968 10
259 7 7 90 3
78 4 0 787 3
728 1 6 553 7
694 9 3 490 1
272 3 2 295 6
339 3 1 74 0
785 6 0 283 2
311 8 4 487 10
812 10 6 149 2
427 5 10 915 5
106 1 5 43 3
650 8 2 128 2
829 8 9 911 0
22 2 9 15 1
875 9 10 636 0
490 2 8 41 6
276 2 2 472 9
23 5 8 730 3
488 4 0 850 1
471 5 10 596 5
988 5 5 68 5
521 10 10 912 1
82 6 9 144 9
618 8 5 518 10
915 5 5 500 0
411 7 1 691 1
738 10 2 892 1
343 5 3 634 4
119 3 1 808 4
826 8 4 942 9
585 4 1 311 1
973 9 4 803 1
494 3 3 239 3
896 2 4 360 10
945 9 2 429 4
946 5 0 626 3
922 3 4 791 4
883 2 7 254 4
172 1 7 551 3
534 3 3 431 6
7 7 4 167 8
738 9 3 807 10
521 5 2 788 10
315 8 9 683 3
447 10 7 176 3
892 2 7 428 3
719 1 3 479 5
607 2 2 583 7
637 10 6 334 4
634 2 0 983 3
485 9 0 213 0
727 6 3 508 5
450 10 3 722 4
770 4 3 718 9
94 6 2 449 4
869 7 4 628 7
228 3 4 896 7
832 5 7 277 6
113 9 0 656 0
306 9 8 734 6
464 6 5 75 9
592 3 10 282 10
56 9 9 277 8
846 1 0 999 6
809 3 7 185 7
711 5 9 413 10
518 2 3 329 1
961 6 8 410 4
709 2 6 827 7
773 8 4 658 10
446 3 3 461 4
867 9 7 751 1
47 2 6 858 9
860 2 1 390 4
353 3 7 430 8
21 9 5 764 6
948 10 4 267 1
932 2 10 284 9
241 10 0 935 10
802 2 6 339 3
331 5 0 436 10
994 7 10 304 3
868 7 7 916 2
448 6 8 796 3
32 10 8 325 0
411 10 2 302 0
991 5 6 598 8
178 9 10 718 8
544 6 10 533 4
713 9 4 274 10
853 1 7 213 5
359 5 7 586 8
126 1 8 388 10
472 4 1 73 2
867 8 4 207 3
827 1 10 399 10
515 7 9 869 5
895 3 6 633 6
348 4 5 836 2
286 10 6 536 6
241 9 6 840 8
865 10 0 221 6
684 2 8 451 6
456 8 7 680 0
509 1 6 138 8
158 1 4 816 6
588 2 1 590 4
422 6 1 855 3
490 7 0 848 7
660 7 5 610 9
436 5 3 918 3
362 1 5 688 5
99 3 7 494 3
813 6 0 56 0
779 6 0 650 1
257 9 8 86 10
591 8 7 775 4
230 8 6 143 5
616 3 6 499 8
365 1 1 223 4
90 9 4 94 10
432 1 0 671 6
803 2 0 587 0
980 2 3 406 4
123 1 3 718 10
300 6 6 383 10
302 2 8 529 10
580 3 7 732 1
990 1 7 322 10
697 5 8 911 7
25 7 8 879 7
32 4 4 429 1
653 3 4 558 3
437 7 1 882 6
574 10 9 459 4
