110
294 5 4 140 3
285 4 1 709 9
69 6 0 276 9
182 1 1 31 0
459 6 8 277 3
167 3 6 305 9
250 3 5 198 1
35 9 9 247 1
66 9 10 699 10
39 2 0 8 7
587 7 0 77 10
98 1 1 447 2
756 9 2 79 5
82 4 1 326 0
89 5 3 301 1
143 6 4 119 5
62 4 6 371 10
99 10 3 162 3
213 10 4 293 8
186 6 8 169 10
185 9 2 354 8
389 3 5 163 3
57 9 7 345 1
57 5 5 379 2
474 3 2 58 3
297 7 3 651 0
184 7 1 35 8
120 10 0 560 0
474 9 5 63 1
5 1 8 175 3
367 2 4 289 2
103 9 2 668 1
24 10 5 276 8
226 5 4 179 5
382 8 1 831 6
577 5 4 436 9
37 2 5 153 9
39 8 5 80 6
99 5 3 85 6
520 9 2 361 2
261 2 9 597 10
107 5 6 460 2
87 5 5 45 6
49 8 10 593 0
724 9 6 36 0
421 8 2 111 10
238 1 9 607 10
87 4 6 776 1
407 7 3 6 4
255 8 4 198 10
295 9 6 609 6
458 4 9 126 3
229 3 8 25 4
18 7 8 702 6
51 9 10 99 2
402 1 9 177 8
881 4 2 550 5
51 4 10 20 6
381 5 4 645 3
22 9 1 754 7
228 7 5 42 4
757 1 2 134 7
573 3 2 204 1
160 4 6 12 10
47 3 4 380 8
90 6 5 152 0
741 1 6 382 6
143 1 9 759 4
183 10 1 394 4
15 6 4 346 7
34 2 1 415 7
161 3 7 376 0
316 4 10 136 6
178 7 2 371 10
356 10 10 468 4
412 6 4 93 3
850 6 3 163 4
162 1 10 94 2
799 10 10 78 10
99 4 9 26 10
425 8 0 844 2
13 3 1 810 7
435 2 10 139 3
118 10 0 497 2
46 6 2 72 10
96 5 4 731 2
92 9 2 710 10
641 5 7 246 1
262 9 2 82 3
219 3 4 88 9
161 8 5 251 3
616 8 5 25 10
2 9 10 98 5
11 9 7 132 3
9 8 7 520 9
55 3 8 83 0
478 2 2 165 6
126 4 8 557 7
43 9 0 166 7
77 7 1 146 9
21 1 5 732 4
327 10 2 2 3
167 8 5 18 5
9 9 4 76 9
273 8 10 25 0
870 4 9 48 5
133 2 2 69 5
251 3 5 642 2
6 8 7 581 3
84 1 2 591 3