65
266 2 9 868 3
206 7 5 459 6
95 2 1 9 6
58 7 0 488 3
733 9 6 301 1
182 2 2 380 4
193 10 0 84 10
84 3 2 528 8
183 6 2 641 6
352 10 6 374 4
138 2 5 157 9
516 5 3 730 4
252 9 6 432 6
273 8 5 177 6
16 5 4 71 7
331 5 5 36 3
667 10 5 476 4
441 9 9 448 10
213 10 3 377 1
258 9 0 58 0
412 2 0 534 4
117 4 8 404 0
85 9 0 220 7
121 1 5 14 7
414 4 5 385 8
50 1 8 34 8
408 6 2 524 3
266 1 4 453 4
191 3 6 323 5
420 3 6 528 3
459 5 7 41 9
101 5 9 583 0
539 10 7 589 7
67 8 8 148 0
45 9 10 13 8
455 10 7 201 6
595 5 10 127 4
69 4 6 42 6
330 5 10 383 5
236 3 3 125 0
53 7 9 175 9
412 4 2 50 3
478 5 10 518 3
721 8 2 170 8
91 3 1 66 0
194 9 1 487 2
989 4 9 5 10
142 2 9 401 3
577 7 7 66 6
135 2 5 389 8
123 10 7 372 5
26 4 9 644 0
21 2 0 93 10
59 6 6 387 9
681 1 6 220 10
141 5 0 200 5
108 7 8 100 6
48 7 5 203 10
113 7 5 11 8
331 3 1 485 6
119 6 1 312 8
126 6 4 105 7
98 8 1 192 4
58 3 8 189 2
144 2 0 414 3